{
 "cells": [
  {
   "cell_type": "markdown",
   "id": "56b5ac11-a1d9-481d-ad9c-824d25f51fba",
   "metadata": {},
   "source": [
    "# **US financial market | Linear algebra**\n",
    "*Original dataset source: Content property of Economática, financial information platform*\n",
    "<br>*Used dataset source: **[us_2022q1_service_industries.csv](https://github.com/myrosandrade89/IA95022/tree/main/Statistics/Reto/dataset)***\n",
    "<br>*Author: Myroslava Sánchez Andrade A01730712*\n",
    "<br>*Creation date: 05/10/2022*\n",
    "<br>*Last updated: 13/10/2022*"
   ]
  },
  {
   "cell_type": "markdown",
   "id": "bfbc4628-e63f-48e8-bd30-f9fdfd3e9f99",
   "metadata": {},
   "source": [
    "---\n",
    "## **Overview**\n",
    "The purpose of this repository is the analysis of the first 2022 quarter financial statements of all US public service industry companies listed on the New York Exchange and NASDAQ using linear algebra; being `['epsp', 'medium firm', 'big firm', 'profit margin', 'book/market', 'short leverage']` the explicative variables (independent) and `['f1 stock return']` the dependent variable."
   ]
  },
  {
   "cell_type": "markdown",
   "id": "63d162c0-312b-4a1d-9d51-53da7a9659e9",
   "metadata": {},
   "source": [
    "---\n",
    "## **Configuration**"
   ]
  },
  {
   "cell_type": "code",
   "execution_count": 1,
   "id": "3d5fb675-b9ff-4b6b-bfbc-2f1e42f89f87",
   "metadata": {},
   "outputs": [],
   "source": [
    "# Importing the necessary libraries\n",
    "import pandas as pd\n",
    "import numpy as np\n",
    "from statsmodels.stats.outliers_influence import variance_inflation_factor\n",
    "import statsmodels.api as sm"
   ]
  },
  {
   "cell_type": "code",
   "execution_count": 3,
   "id": "3a156939-51e5-4d7f-9eda-1b7f4667a5ce",
   "metadata": {},
   "outputs": [
    {
     "data": {
      "text/html": [
       "<div>\n",
       "<style scoped>\n",
       "    .dataframe tbody tr th:only-of-type {\n",
       "        vertical-align: middle;\n",
       "    }\n",
       "\n",
       "    .dataframe tbody tr th {\n",
       "        vertical-align: top;\n",
       "    }\n",
       "\n",
       "    .dataframe thead th {\n",
       "        text-align: right;\n",
       "    }\n",
       "</style>\n",
       "<table border=\"1\" class=\"dataframe\">\n",
       "  <thead>\n",
       "    <tr style=\"text-align: right;\">\n",
       "      <th></th>\n",
       "      <th>index</th>\n",
       "      <th>firm</th>\n",
       "      <th>q</th>\n",
       "      <th>medium firm</th>\n",
       "      <th>big firm</th>\n",
       "      <th>epsp</th>\n",
       "      <th>profit margin</th>\n",
       "      <th>book/market</th>\n",
       "      <th>short leverage</th>\n",
       "      <th>f1 stock return</th>\n",
       "    </tr>\n",
       "  </thead>\n",
       "  <tbody>\n",
       "    <tr>\n",
       "      <th>0</th>\n",
       "      <td>1</td>\n",
       "      <td>AAWW</td>\n",
       "      <td>2022q1</td>\n",
       "      <td>1</td>\n",
       "      <td>0</td>\n",
       "      <td>0.032303</td>\n",
       "      <td>0.078591</td>\n",
       "      <td>0.090121</td>\n",
       "      <td>0.104785</td>\n",
       "      <td>-0.093966</td>\n",
       "    </tr>\n",
       "    <tr>\n",
       "      <th>1</th>\n",
       "      <td>2</td>\n",
       "      <td>ABM</td>\n",
       "      <td>2022q1</td>\n",
       "      <td>1</td>\n",
       "      <td>0</td>\n",
       "      <td>0.024686</td>\n",
       "      <td>0.039252</td>\n",
       "      <td>-0.620570</td>\n",
       "      <td>0.013874</td>\n",
       "      <td>-0.008219</td>\n",
       "    </tr>\n",
       "    <tr>\n",
       "      <th>2</th>\n",
       "      <td>3</td>\n",
       "      <td>ABNB</td>\n",
       "      <td>2022q1</td>\n",
       "      <td>0</td>\n",
       "      <td>1</td>\n",
       "      <td>-0.000173</td>\n",
       "      <td>-0.012454</td>\n",
       "      <td>-3.134384</td>\n",
       "      <td>0.003722</td>\n",
       "      <td>-0.418310</td>\n",
       "    </tr>\n",
       "    <tr>\n",
       "      <th>3</th>\n",
       "      <td>5</td>\n",
       "      <td>ACCD</td>\n",
       "      <td>2022q1</td>\n",
       "      <td>1</td>\n",
       "      <td>0</td>\n",
       "      <td>-0.029390</td>\n",
       "      <td>-0.368574</td>\n",
       "      <td>-0.317665</td>\n",
       "      <td>0.005126</td>\n",
       "      <td>-0.863745</td>\n",
       "    </tr>\n",
       "    <tr>\n",
       "      <th>4</th>\n",
       "      <td>6</td>\n",
       "      <td>ACHC</td>\n",
       "      <td>2022q1</td>\n",
       "      <td>0</td>\n",
       "      <td>1</td>\n",
       "      <td>0.010327</td>\n",
       "      <td>0.098657</td>\n",
       "      <td>-0.827813</td>\n",
       "      <td>0.009602</td>\n",
       "      <td>0.077769</td>\n",
       "    </tr>\n",
       "    <tr>\n",
       "      <th>...</th>\n",
       "      <td>...</td>\n",
       "      <td>...</td>\n",
       "      <td>...</td>\n",
       "      <td>...</td>\n",
       "      <td>...</td>\n",
       "      <td>...</td>\n",
       "      <td>...</td>\n",
       "      <td>...</td>\n",
       "      <td>...</td>\n",
       "      <td>...</td>\n",
       "    </tr>\n",
       "    <tr>\n",
       "      <th>644</th>\n",
       "      <td>784</td>\n",
       "      <td>ZNGA</td>\n",
       "      <td>2022q1</td>\n",
       "      <td>0</td>\n",
       "      <td>1</td>\n",
       "      <td>-0.002341</td>\n",
       "      <td>-0.035446</td>\n",
       "      <td>-1.281077</td>\n",
       "      <td>0.003055</td>\n",
       "      <td>-0.230480</td>\n",
       "    </tr>\n",
       "    <tr>\n",
       "      <th>645</th>\n",
       "      <td>785</td>\n",
       "      <td>ZS</td>\n",
       "      <td>2022q1</td>\n",
       "      <td>0</td>\n",
       "      <td>1</td>\n",
       "      <td>-0.002950</td>\n",
       "      <td>-0.392936</td>\n",
       "      <td>-4.144927</td>\n",
       "      <td>0.008119</td>\n",
       "      <td>-0.308016</td>\n",
       "    </tr>\n",
       "    <tr>\n",
       "      <th>646</th>\n",
       "      <td>786</td>\n",
       "      <td>ZUO</td>\n",
       "      <td>2022q1</td>\n",
       "      <td>1</td>\n",
       "      <td>0</td>\n",
       "      <td>-0.018348</td>\n",
       "      <td>-0.387928</td>\n",
       "      <td>-2.419384</td>\n",
       "      <td>0.029738</td>\n",
       "      <td>-0.481159</td>\n",
       "    </tr>\n",
       "    <tr>\n",
       "      <th>647</th>\n",
       "      <td>787</td>\n",
       "      <td>ZVO</td>\n",
       "      <td>2022q1</td>\n",
       "      <td>0</td>\n",
       "      <td>0</td>\n",
       "      <td>-0.266288</td>\n",
       "      <td>-0.120666</td>\n",
       "      <td>-0.907766</td>\n",
       "      <td>0.000000</td>\n",
       "      <td>-0.625444</td>\n",
       "    </tr>\n",
       "    <tr>\n",
       "      <th>648</th>\n",
       "      <td>788</td>\n",
       "      <td>ZY</td>\n",
       "      <td>2022q1</td>\n",
       "      <td>0</td>\n",
       "      <td>0</td>\n",
       "      <td>-0.241984</td>\n",
       "      <td>-15.052390</td>\n",
       "      <td>0.143670</td>\n",
       "      <td>0.093572</td>\n",
       "      <td>-0.969258</td>\n",
       "    </tr>\n",
       "  </tbody>\n",
       "</table>\n",
       "<p>649 rows × 10 columns</p>\n",
       "</div>"
      ],
      "text/plain": [
       "     index  firm       q  medium firm  big firm      epsp  profit margin  \\\n",
       "0        1  AAWW  2022q1            1         0  0.032303       0.078591   \n",
       "1        2   ABM  2022q1            1         0  0.024686       0.039252   \n",
       "2        3  ABNB  2022q1            0         1 -0.000173      -0.012454   \n",
       "3        5  ACCD  2022q1            1         0 -0.029390      -0.368574   \n",
       "4        6  ACHC  2022q1            0         1  0.010327       0.098657   \n",
       "..     ...   ...     ...          ...       ...       ...            ...   \n",
       "644    784  ZNGA  2022q1            0         1 -0.002341      -0.035446   \n",
       "645    785    ZS  2022q1            0         1 -0.002950      -0.392936   \n",
       "646    786   ZUO  2022q1            1         0 -0.018348      -0.387928   \n",
       "647    787   ZVO  2022q1            0         0 -0.266288      -0.120666   \n",
       "648    788    ZY  2022q1            0         0 -0.241984     -15.052390   \n",
       "\n",
       "     book/market  short leverage  f1 stock return  \n",
       "0       0.090121        0.104785        -0.093966  \n",
       "1      -0.620570        0.013874        -0.008219  \n",
       "2      -3.134384        0.003722        -0.418310  \n",
       "3      -0.317665        0.005126        -0.863745  \n",
       "4      -0.827813        0.009602         0.077769  \n",
       "..           ...             ...              ...  \n",
       "644    -1.281077        0.003055        -0.230480  \n",
       "645    -4.144927        0.008119        -0.308016  \n",
       "646    -2.419384        0.029738        -0.481159  \n",
       "647    -0.907766        0.000000        -0.625444  \n",
       "648     0.143670        0.093572        -0.969258  \n",
       "\n",
       "[649 rows x 10 columns]"
      ]
     },
     "execution_count": 3,
     "metadata": {},
     "output_type": "execute_result"
    }
   ],
   "source": [
    "# Importing the dataset\n",
    "us_2022q1_service_industries = pd.read_csv('data/us_2022q1_service_industries.csv')\n",
    "us_2022q1_service_industries"
   ]
  },
  {
   "cell_type": "code",
   "execution_count": 4,
   "id": "f92817e5-f998-406f-a207-a73953ce3022",
   "metadata": {},
   "outputs": [
    {
     "data": {
      "text/html": [
       "<div>\n",
       "<style scoped>\n",
       "    .dataframe tbody tr th:only-of-type {\n",
       "        vertical-align: middle;\n",
       "    }\n",
       "\n",
       "    .dataframe tbody tr th {\n",
       "        vertical-align: top;\n",
       "    }\n",
       "\n",
       "    .dataframe thead th {\n",
       "        text-align: right;\n",
       "    }\n",
       "</style>\n",
       "<table border=\"1\" class=\"dataframe\">\n",
       "  <thead>\n",
       "    <tr style=\"text-align: right;\">\n",
       "      <th></th>\n",
       "      <th>medium firm</th>\n",
       "      <th>big firm</th>\n",
       "      <th>epsp</th>\n",
       "      <th>profit margin</th>\n",
       "      <th>book/market</th>\n",
       "      <th>short leverage</th>\n",
       "      <th>f1 stock return</th>\n",
       "    </tr>\n",
       "  </thead>\n",
       "  <tbody>\n",
       "    <tr>\n",
       "      <th>0</th>\n",
       "      <td>1</td>\n",
       "      <td>0</td>\n",
       "      <td>0.032303</td>\n",
       "      <td>0.078591</td>\n",
       "      <td>0.090121</td>\n",
       "      <td>0.104785</td>\n",
       "      <td>-0.093966</td>\n",
       "    </tr>\n",
       "    <tr>\n",
       "      <th>1</th>\n",
       "      <td>1</td>\n",
       "      <td>0</td>\n",
       "      <td>0.024686</td>\n",
       "      <td>0.039252</td>\n",
       "      <td>-0.620570</td>\n",
       "      <td>0.013874</td>\n",
       "      <td>-0.008219</td>\n",
       "    </tr>\n",
       "    <tr>\n",
       "      <th>2</th>\n",
       "      <td>0</td>\n",
       "      <td>1</td>\n",
       "      <td>-0.000173</td>\n",
       "      <td>-0.012454</td>\n",
       "      <td>-3.134384</td>\n",
       "      <td>0.003722</td>\n",
       "      <td>-0.418310</td>\n",
       "    </tr>\n",
       "    <tr>\n",
       "      <th>3</th>\n",
       "      <td>1</td>\n",
       "      <td>0</td>\n",
       "      <td>-0.029390</td>\n",
       "      <td>-0.368574</td>\n",
       "      <td>-0.317665</td>\n",
       "      <td>0.005126</td>\n",
       "      <td>-0.863745</td>\n",
       "    </tr>\n",
       "    <tr>\n",
       "      <th>4</th>\n",
       "      <td>0</td>\n",
       "      <td>1</td>\n",
       "      <td>0.010327</td>\n",
       "      <td>0.098657</td>\n",
       "      <td>-0.827813</td>\n",
       "      <td>0.009602</td>\n",
       "      <td>0.077769</td>\n",
       "    </tr>\n",
       "    <tr>\n",
       "      <th>...</th>\n",
       "      <td>...</td>\n",
       "      <td>...</td>\n",
       "      <td>...</td>\n",
       "      <td>...</td>\n",
       "      <td>...</td>\n",
       "      <td>...</td>\n",
       "      <td>...</td>\n",
       "    </tr>\n",
       "    <tr>\n",
       "      <th>644</th>\n",
       "      <td>0</td>\n",
       "      <td>1</td>\n",
       "      <td>-0.002341</td>\n",
       "      <td>-0.035446</td>\n",
       "      <td>-1.281077</td>\n",
       "      <td>0.003055</td>\n",
       "      <td>-0.230480</td>\n",
       "    </tr>\n",
       "    <tr>\n",
       "      <th>645</th>\n",
       "      <td>0</td>\n",
       "      <td>1</td>\n",
       "      <td>-0.002950</td>\n",
       "      <td>-0.392936</td>\n",
       "      <td>-4.144927</td>\n",
       "      <td>0.008119</td>\n",
       "      <td>-0.308016</td>\n",
       "    </tr>\n",
       "    <tr>\n",
       "      <th>646</th>\n",
       "      <td>1</td>\n",
       "      <td>0</td>\n",
       "      <td>-0.018348</td>\n",
       "      <td>-0.387928</td>\n",
       "      <td>-2.419384</td>\n",
       "      <td>0.029738</td>\n",
       "      <td>-0.481159</td>\n",
       "    </tr>\n",
       "    <tr>\n",
       "      <th>647</th>\n",
       "      <td>0</td>\n",
       "      <td>0</td>\n",
       "      <td>-0.266288</td>\n",
       "      <td>-0.120666</td>\n",
       "      <td>-0.907766</td>\n",
       "      <td>0.000000</td>\n",
       "      <td>-0.625444</td>\n",
       "    </tr>\n",
       "    <tr>\n",
       "      <th>648</th>\n",
       "      <td>0</td>\n",
       "      <td>0</td>\n",
       "      <td>-0.241984</td>\n",
       "      <td>-15.052390</td>\n",
       "      <td>0.143670</td>\n",
       "      <td>0.093572</td>\n",
       "      <td>-0.969258</td>\n",
       "    </tr>\n",
       "  </tbody>\n",
       "</table>\n",
       "<p>649 rows × 7 columns</p>\n",
       "</div>"
      ],
      "text/plain": [
       "     medium firm  big firm      epsp  profit margin  book/market  \\\n",
       "0              1         0  0.032303       0.078591     0.090121   \n",
       "1              1         0  0.024686       0.039252    -0.620570   \n",
       "2              0         1 -0.000173      -0.012454    -3.134384   \n",
       "3              1         0 -0.029390      -0.368574    -0.317665   \n",
       "4              0         1  0.010327       0.098657    -0.827813   \n",
       "..           ...       ...       ...            ...          ...   \n",
       "644            0         1 -0.002341      -0.035446    -1.281077   \n",
       "645            0         1 -0.002950      -0.392936    -4.144927   \n",
       "646            1         0 -0.018348      -0.387928    -2.419384   \n",
       "647            0         0 -0.266288      -0.120666    -0.907766   \n",
       "648            0         0 -0.241984     -15.052390     0.143670   \n",
       "\n",
       "     short leverage  f1 stock return  \n",
       "0          0.104785        -0.093966  \n",
       "1          0.013874        -0.008219  \n",
       "2          0.003722        -0.418310  \n",
       "3          0.005126        -0.863745  \n",
       "4          0.009602         0.077769  \n",
       "..              ...              ...  \n",
       "644        0.003055        -0.230480  \n",
       "645        0.008119        -0.308016  \n",
       "646        0.029738        -0.481159  \n",
       "647        0.000000        -0.625444  \n",
       "648        0.093572        -0.969258  \n",
       "\n",
       "[649 rows x 7 columns]"
      ]
     },
     "execution_count": 4,
     "metadata": {},
     "output_type": "execute_result"
    }
   ],
   "source": [
    "# Defining the dataset of the variables\n",
    "us_2022q1_service_industries_variables = us_2022q1_service_industries[['medium firm', 'big firm', 'epsp', 'profit margin', 'book/market', 'short leverage', 'f1 stock return']]\n",
    "us_2022q1_service_industries_variables"
   ]
  },
  {
   "cell_type": "markdown",
   "id": "fe90a5fe-b146-4a01-9603-d01f3bd2fa40",
   "metadata": {
    "tags": []
   },
   "source": [
    "---\n",
    "## **Exploratory analysis**"
   ]
  },
  {
   "cell_type": "markdown",
   "id": "f8ca404f-5cc3-407f-b1b7-135f7156b68c",
   "metadata": {},
   "source": [
    "#### ***Variance-Covariance matrix***"
   ]
  },
  {
   "cell_type": "code",
   "execution_count": 4,
   "id": "2b3bd743-19ec-4b38-94c6-230ebf3b72ee",
   "metadata": {},
   "outputs": [],
   "source": [
    "# Defining the global variables\n",
    "x = us_2022q1_service_industries_variables\n",
    "x_transpose = x.T\n",
    "n = x.shape[0]\n",
    "matrix_one = np.full((n, 1), 1)"
   ]
  },
  {
   "cell_type": "code",
   "execution_count": 5,
   "id": "4a48da11-1e21-401b-8a5b-6485c6327f14",
   "metadata": {},
   "outputs": [
    {
     "data": {
      "text/html": [
       "<div>\n",
       "<style scoped>\n",
       "    .dataframe tbody tr th:only-of-type {\n",
       "        vertical-align: middle;\n",
       "    }\n",
       "\n",
       "    .dataframe tbody tr th {\n",
       "        vertical-align: top;\n",
       "    }\n",
       "\n",
       "    .dataframe thead th {\n",
       "        text-align: right;\n",
       "    }\n",
       "</style>\n",
       "<table border=\"1\" class=\"dataframe\">\n",
       "  <thead>\n",
       "    <tr style=\"text-align: right;\">\n",
       "      <th></th>\n",
       "      <th>medium firm</th>\n",
       "      <th>big firm</th>\n",
       "      <th>epsp</th>\n",
       "      <th>profit margin</th>\n",
       "      <th>book/market</th>\n",
       "      <th>short leverage</th>\n",
       "      <th>f1 stock return</th>\n",
       "    </tr>\n",
       "  </thead>\n",
       "  <tbody>\n",
       "    <tr>\n",
       "      <th>medium firm</th>\n",
       "      <td>0.218113</td>\n",
       "      <td>-0.112271</td>\n",
       "      <td>0.005541</td>\n",
       "      <td>-0.242756</td>\n",
       "      <td>0.009881</td>\n",
       "      <td>-0.002491</td>\n",
       "      <td>-0.001650</td>\n",
       "    </tr>\n",
       "    <tr>\n",
       "      <th>big firm</th>\n",
       "      <td>-0.112271</td>\n",
       "      <td>0.227782</td>\n",
       "      <td>0.004596</td>\n",
       "      <td>0.375262</td>\n",
       "      <td>-0.239489</td>\n",
       "      <td>0.000397</td>\n",
       "      <td>0.013645</td>\n",
       "    </tr>\n",
       "    <tr>\n",
       "      <th>epsp</th>\n",
       "      <td>0.005541</td>\n",
       "      <td>0.004596</td>\n",
       "      <td>0.009382</td>\n",
       "      <td>0.106124</td>\n",
       "      <td>-0.013917</td>\n",
       "      <td>-0.000397</td>\n",
       "      <td>0.010968</td>\n",
       "    </tr>\n",
       "    <tr>\n",
       "      <th>profit margin</th>\n",
       "      <td>-0.242756</td>\n",
       "      <td>0.375262</td>\n",
       "      <td>0.106124</td>\n",
       "      <td>170.943724</td>\n",
       "      <td>-0.181628</td>\n",
       "      <td>0.019931</td>\n",
       "      <td>0.516300</td>\n",
       "    </tr>\n",
       "    <tr>\n",
       "      <th>book/market</th>\n",
       "      <td>0.009881</td>\n",
       "      <td>-0.239489</td>\n",
       "      <td>-0.013917</td>\n",
       "      <td>-0.181628</td>\n",
       "      <td>1.238903</td>\n",
       "      <td>-0.004713</td>\n",
       "      <td>-0.027044</td>\n",
       "    </tr>\n",
       "    <tr>\n",
       "      <th>short leverage</th>\n",
       "      <td>-0.002491</td>\n",
       "      <td>0.000397</td>\n",
       "      <td>-0.000397</td>\n",
       "      <td>0.019931</td>\n",
       "      <td>-0.004713</td>\n",
       "      <td>0.006409</td>\n",
       "      <td>0.001658</td>\n",
       "    </tr>\n",
       "    <tr>\n",
       "      <th>f1 stock return</th>\n",
       "      <td>-0.001650</td>\n",
       "      <td>0.013645</td>\n",
       "      <td>0.010968</td>\n",
       "      <td>0.516300</td>\n",
       "      <td>-0.027044</td>\n",
       "      <td>0.001658</td>\n",
       "      <td>0.141972</td>\n",
       "    </tr>\n",
       "  </tbody>\n",
       "</table>\n",
       "</div>"
      ],
      "text/plain": [
       "                 medium firm  big firm      epsp  profit margin  book/market  \\\n",
       "medium firm         0.218113 -0.112271  0.005541      -0.242756     0.009881   \n",
       "big firm           -0.112271  0.227782  0.004596       0.375262    -0.239489   \n",
       "epsp                0.005541  0.004596  0.009382       0.106124    -0.013917   \n",
       "profit margin      -0.242756  0.375262  0.106124     170.943724    -0.181628   \n",
       "book/market         0.009881 -0.239489 -0.013917      -0.181628     1.238903   \n",
       "short leverage     -0.002491  0.000397 -0.000397       0.019931    -0.004713   \n",
       "f1 stock return    -0.001650  0.013645  0.010968       0.516300    -0.027044   \n",
       "\n",
       "                 short leverage  f1 stock return  \n",
       "medium firm           -0.002491        -0.001650  \n",
       "big firm               0.000397         0.013645  \n",
       "epsp                  -0.000397         0.010968  \n",
       "profit margin          0.019931         0.516300  \n",
       "book/market           -0.004713        -0.027044  \n",
       "short leverage         0.006409         0.001658  \n",
       "f1 stock return        0.001658         0.141972  "
      ]
     },
     "execution_count": 5,
     "metadata": {},
     "output_type": "execute_result"
    }
   ],
   "source": [
    "# Calculating variance-covariance matrix\n",
    "var_cov_matrix = (1 / (n - 1)) * (x_transpose.dot(x) - (1 / n) * (x_transpose.dot(matrix_one)).dot(x_transpose.dot(matrix_one).T))\n",
    "var_cov_matrix"
   ]
  },
  {
   "cell_type": "code",
   "execution_count": 6,
   "id": "88ecfec0-1818-4ac6-9638-584dac03448e",
   "metadata": {},
   "outputs": [
    {
     "data": {
      "text/html": [
       "<div>\n",
       "<style scoped>\n",
       "    .dataframe tbody tr th:only-of-type {\n",
       "        vertical-align: middle;\n",
       "    }\n",
       "\n",
       "    .dataframe tbody tr th {\n",
       "        vertical-align: top;\n",
       "    }\n",
       "\n",
       "    .dataframe thead th {\n",
       "        text-align: right;\n",
       "    }\n",
       "</style>\n",
       "<table border=\"1\" class=\"dataframe\">\n",
       "  <thead>\n",
       "    <tr style=\"text-align: right;\">\n",
       "      <th></th>\n",
       "      <th>medium firm</th>\n",
       "      <th>big firm</th>\n",
       "      <th>epsp</th>\n",
       "      <th>profit margin</th>\n",
       "      <th>book/market</th>\n",
       "      <th>short leverage</th>\n",
       "      <th>f1 stock return</th>\n",
       "    </tr>\n",
       "  </thead>\n",
       "  <tbody>\n",
       "    <tr>\n",
       "      <th>medium firm</th>\n",
       "      <td>0.218113</td>\n",
       "      <td>-0.112271</td>\n",
       "      <td>0.005541</td>\n",
       "      <td>-0.242756</td>\n",
       "      <td>0.009881</td>\n",
       "      <td>-0.002491</td>\n",
       "      <td>-0.001650</td>\n",
       "    </tr>\n",
       "    <tr>\n",
       "      <th>big firm</th>\n",
       "      <td>-0.112271</td>\n",
       "      <td>0.227782</td>\n",
       "      <td>0.004596</td>\n",
       "      <td>0.375262</td>\n",
       "      <td>-0.239489</td>\n",
       "      <td>0.000397</td>\n",
       "      <td>0.013645</td>\n",
       "    </tr>\n",
       "    <tr>\n",
       "      <th>epsp</th>\n",
       "      <td>0.005541</td>\n",
       "      <td>0.004596</td>\n",
       "      <td>0.009382</td>\n",
       "      <td>0.106124</td>\n",
       "      <td>-0.013917</td>\n",
       "      <td>-0.000397</td>\n",
       "      <td>0.010968</td>\n",
       "    </tr>\n",
       "    <tr>\n",
       "      <th>profit margin</th>\n",
       "      <td>-0.242756</td>\n",
       "      <td>0.375262</td>\n",
       "      <td>0.106124</td>\n",
       "      <td>170.943724</td>\n",
       "      <td>-0.181628</td>\n",
       "      <td>0.019931</td>\n",
       "      <td>0.516300</td>\n",
       "    </tr>\n",
       "    <tr>\n",
       "      <th>book/market</th>\n",
       "      <td>0.009881</td>\n",
       "      <td>-0.239489</td>\n",
       "      <td>-0.013917</td>\n",
       "      <td>-0.181628</td>\n",
       "      <td>1.238903</td>\n",
       "      <td>-0.004713</td>\n",
       "      <td>-0.027044</td>\n",
       "    </tr>\n",
       "    <tr>\n",
       "      <th>short leverage</th>\n",
       "      <td>-0.002491</td>\n",
       "      <td>0.000397</td>\n",
       "      <td>-0.000397</td>\n",
       "      <td>0.019931</td>\n",
       "      <td>-0.004713</td>\n",
       "      <td>0.006409</td>\n",
       "      <td>0.001658</td>\n",
       "    </tr>\n",
       "    <tr>\n",
       "      <th>f1 stock return</th>\n",
       "      <td>-0.001650</td>\n",
       "      <td>0.013645</td>\n",
       "      <td>0.010968</td>\n",
       "      <td>0.516300</td>\n",
       "      <td>-0.027044</td>\n",
       "      <td>0.001658</td>\n",
       "      <td>0.141972</td>\n",
       "    </tr>\n",
       "  </tbody>\n",
       "</table>\n",
       "</div>"
      ],
      "text/plain": [
       "                 medium firm  big firm      epsp  profit margin  book/market  \\\n",
       "medium firm         0.218113 -0.112271  0.005541      -0.242756     0.009881   \n",
       "big firm           -0.112271  0.227782  0.004596       0.375262    -0.239489   \n",
       "epsp                0.005541  0.004596  0.009382       0.106124    -0.013917   \n",
       "profit margin      -0.242756  0.375262  0.106124     170.943724    -0.181628   \n",
       "book/market         0.009881 -0.239489 -0.013917      -0.181628     1.238903   \n",
       "short leverage     -0.002491  0.000397 -0.000397       0.019931    -0.004713   \n",
       "f1 stock return    -0.001650  0.013645  0.010968       0.516300    -0.027044   \n",
       "\n",
       "                 short leverage  f1 stock return  \n",
       "medium firm           -0.002491        -0.001650  \n",
       "big firm               0.000397         0.013645  \n",
       "epsp                  -0.000397         0.010968  \n",
       "profit margin          0.019931         0.516300  \n",
       "book/market           -0.004713        -0.027044  \n",
       "short leverage         0.006409         0.001658  \n",
       "f1 stock return        0.001658         0.141972  "
      ]
     },
     "execution_count": 6,
     "metadata": {},
     "output_type": "execute_result"
    }
   ],
   "source": [
    "# Proving that the calculation is correct\n",
    "x.cov()"
   ]
  },
  {
   "cell_type": "markdown",
   "id": "3bb5adb3-1996-4836-b3d2-6511ede8cb44",
   "metadata": {},
   "source": [
    "**Variance:** the variance of a variable X is the average of squared deviations from each individual value Xi from its mean (the average of the squared difference between the observed values of a variable and its mean).\n",
    "\n",
    "**Covariance:** it measures the joint probability of two variables, it is the average of product deviations between a variable X and a variable Y from their corresponding means (we cannot understand the magnitude, only its sign).\n",
    "\n",
    "In the above calculation we can observe the variance in the diagonal and the covariance the in non-diagonal."
   ]
  },
  {
   "cell_type": "markdown",
   "id": "b85abb8e-fe31-45dc-8bd6-a41367ea2bba",
   "metadata": {},
   "source": [
    "#### ***Correlation matrix***"
   ]
  },
  {
   "cell_type": "code",
   "execution_count": 7,
   "id": "a2f5180c-6a30-4a62-a5f7-7ed939dd52c0",
   "metadata": {},
   "outputs": [],
   "source": [
    "# Defining the global variables\n",
    "variance = np.diag(var_cov_matrix).reshape(1, 7)\n",
    "denominator = np.sqrt(variance) * np.sqrt(variance.T) # Standard deviation"
   ]
  },
  {
   "cell_type": "code",
   "execution_count": 8,
   "id": "edbc9788-8cf9-4d3e-823d-5ccba1c2edf0",
   "metadata": {},
   "outputs": [
    {
     "data": {
      "text/html": [
       "<div>\n",
       "<style scoped>\n",
       "    .dataframe tbody tr th:only-of-type {\n",
       "        vertical-align: middle;\n",
       "    }\n",
       "\n",
       "    .dataframe tbody tr th {\n",
       "        vertical-align: top;\n",
       "    }\n",
       "\n",
       "    .dataframe thead th {\n",
       "        text-align: right;\n",
       "    }\n",
       "</style>\n",
       "<table border=\"1\" class=\"dataframe\">\n",
       "  <thead>\n",
       "    <tr style=\"text-align: right;\">\n",
       "      <th></th>\n",
       "      <th>medium firm</th>\n",
       "      <th>big firm</th>\n",
       "      <th>epsp</th>\n",
       "      <th>profit margin</th>\n",
       "      <th>book/market</th>\n",
       "      <th>short leverage</th>\n",
       "      <th>f1 stock return</th>\n",
       "    </tr>\n",
       "  </thead>\n",
       "  <tbody>\n",
       "    <tr>\n",
       "      <th>medium firm</th>\n",
       "      <td>1.000000</td>\n",
       "      <td>-0.503697</td>\n",
       "      <td>0.122485</td>\n",
       "      <td>-0.039756</td>\n",
       "      <td>0.019008</td>\n",
       "      <td>-0.066632</td>\n",
       "      <td>-0.009375</td>\n",
       "    </tr>\n",
       "    <tr>\n",
       "      <th>big firm</th>\n",
       "      <td>-0.503697</td>\n",
       "      <td>1.000000</td>\n",
       "      <td>0.099425</td>\n",
       "      <td>0.060138</td>\n",
       "      <td>-0.450825</td>\n",
       "      <td>0.010402</td>\n",
       "      <td>0.075877</td>\n",
       "    </tr>\n",
       "    <tr>\n",
       "      <th>epsp</th>\n",
       "      <td>0.122485</td>\n",
       "      <td>0.099425</td>\n",
       "      <td>1.000000</td>\n",
       "      <td>0.083799</td>\n",
       "      <td>-0.129089</td>\n",
       "      <td>-0.051197</td>\n",
       "      <td>0.300534</td>\n",
       "    </tr>\n",
       "    <tr>\n",
       "      <th>profit margin</th>\n",
       "      <td>-0.039756</td>\n",
       "      <td>0.060138</td>\n",
       "      <td>0.083799</td>\n",
       "      <td>1.000000</td>\n",
       "      <td>-0.012481</td>\n",
       "      <td>0.019042</td>\n",
       "      <td>0.104803</td>\n",
       "    </tr>\n",
       "    <tr>\n",
       "      <th>book/market</th>\n",
       "      <td>0.019008</td>\n",
       "      <td>-0.450825</td>\n",
       "      <td>-0.129089</td>\n",
       "      <td>-0.012481</td>\n",
       "      <td>1.000000</td>\n",
       "      <td>-0.052887</td>\n",
       "      <td>-0.064483</td>\n",
       "    </tr>\n",
       "    <tr>\n",
       "      <th>short leverage</th>\n",
       "      <td>-0.066632</td>\n",
       "      <td>0.010402</td>\n",
       "      <td>-0.051197</td>\n",
       "      <td>0.019042</td>\n",
       "      <td>-0.052887</td>\n",
       "      <td>1.000000</td>\n",
       "      <td>0.054977</td>\n",
       "    </tr>\n",
       "    <tr>\n",
       "      <th>f1 stock return</th>\n",
       "      <td>-0.009375</td>\n",
       "      <td>0.075877</td>\n",
       "      <td>0.300534</td>\n",
       "      <td>0.104803</td>\n",
       "      <td>-0.064483</td>\n",
       "      <td>0.054977</td>\n",
       "      <td>1.000000</td>\n",
       "    </tr>\n",
       "  </tbody>\n",
       "</table>\n",
       "</div>"
      ],
      "text/plain": [
       "                 medium firm  big firm      epsp  profit margin  book/market  \\\n",
       "medium firm         1.000000 -0.503697  0.122485      -0.039756     0.019008   \n",
       "big firm           -0.503697  1.000000  0.099425       0.060138    -0.450825   \n",
       "epsp                0.122485  0.099425  1.000000       0.083799    -0.129089   \n",
       "profit margin      -0.039756  0.060138  0.083799       1.000000    -0.012481   \n",
       "book/market         0.019008 -0.450825 -0.129089      -0.012481     1.000000   \n",
       "short leverage     -0.066632  0.010402 -0.051197       0.019042    -0.052887   \n",
       "f1 stock return    -0.009375  0.075877  0.300534       0.104803    -0.064483   \n",
       "\n",
       "                 short leverage  f1 stock return  \n",
       "medium firm           -0.066632        -0.009375  \n",
       "big firm               0.010402         0.075877  \n",
       "epsp                  -0.051197         0.300534  \n",
       "profit margin          0.019042         0.104803  \n",
       "book/market           -0.052887        -0.064483  \n",
       "short leverage         1.000000         0.054977  \n",
       "f1 stock return        0.054977         1.000000  "
      ]
     },
     "execution_count": 8,
     "metadata": {},
     "output_type": "execute_result"
    }
   ],
   "source": [
    "# Calculating the correlation matrix\n",
    "corr_matrix = var_cov_matrix / denominator\n",
    "corr_matrix"
   ]
  },
  {
   "cell_type": "code",
   "execution_count": 9,
   "id": "fd498c94-fb14-41ac-a2f2-bf8161309017",
   "metadata": {},
   "outputs": [
    {
     "data": {
      "text/html": [
       "<div>\n",
       "<style scoped>\n",
       "    .dataframe tbody tr th:only-of-type {\n",
       "        vertical-align: middle;\n",
       "    }\n",
       "\n",
       "    .dataframe tbody tr th {\n",
       "        vertical-align: top;\n",
       "    }\n",
       "\n",
       "    .dataframe thead th {\n",
       "        text-align: right;\n",
       "    }\n",
       "</style>\n",
       "<table border=\"1\" class=\"dataframe\">\n",
       "  <thead>\n",
       "    <tr style=\"text-align: right;\">\n",
       "      <th></th>\n",
       "      <th>medium firm</th>\n",
       "      <th>big firm</th>\n",
       "      <th>epsp</th>\n",
       "      <th>profit margin</th>\n",
       "      <th>book/market</th>\n",
       "      <th>short leverage</th>\n",
       "      <th>f1 stock return</th>\n",
       "    </tr>\n",
       "  </thead>\n",
       "  <tbody>\n",
       "    <tr>\n",
       "      <th>medium firm</th>\n",
       "      <td>1.000000</td>\n",
       "      <td>-0.503697</td>\n",
       "      <td>0.122485</td>\n",
       "      <td>-0.039756</td>\n",
       "      <td>0.019008</td>\n",
       "      <td>-0.066632</td>\n",
       "      <td>-0.009375</td>\n",
       "    </tr>\n",
       "    <tr>\n",
       "      <th>big firm</th>\n",
       "      <td>-0.503697</td>\n",
       "      <td>1.000000</td>\n",
       "      <td>0.099425</td>\n",
       "      <td>0.060138</td>\n",
       "      <td>-0.450825</td>\n",
       "      <td>0.010402</td>\n",
       "      <td>0.075877</td>\n",
       "    </tr>\n",
       "    <tr>\n",
       "      <th>epsp</th>\n",
       "      <td>0.122485</td>\n",
       "      <td>0.099425</td>\n",
       "      <td>1.000000</td>\n",
       "      <td>0.083799</td>\n",
       "      <td>-0.129089</td>\n",
       "      <td>-0.051197</td>\n",
       "      <td>0.300534</td>\n",
       "    </tr>\n",
       "    <tr>\n",
       "      <th>profit margin</th>\n",
       "      <td>-0.039756</td>\n",
       "      <td>0.060138</td>\n",
       "      <td>0.083799</td>\n",
       "      <td>1.000000</td>\n",
       "      <td>-0.012481</td>\n",
       "      <td>0.019042</td>\n",
       "      <td>0.104803</td>\n",
       "    </tr>\n",
       "    <tr>\n",
       "      <th>book/market</th>\n",
       "      <td>0.019008</td>\n",
       "      <td>-0.450825</td>\n",
       "      <td>-0.129089</td>\n",
       "      <td>-0.012481</td>\n",
       "      <td>1.000000</td>\n",
       "      <td>-0.052887</td>\n",
       "      <td>-0.064483</td>\n",
       "    </tr>\n",
       "    <tr>\n",
       "      <th>short leverage</th>\n",
       "      <td>-0.066632</td>\n",
       "      <td>0.010402</td>\n",
       "      <td>-0.051197</td>\n",
       "      <td>0.019042</td>\n",
       "      <td>-0.052887</td>\n",
       "      <td>1.000000</td>\n",
       "      <td>0.054977</td>\n",
       "    </tr>\n",
       "    <tr>\n",
       "      <th>f1 stock return</th>\n",
       "      <td>-0.009375</td>\n",
       "      <td>0.075877</td>\n",
       "      <td>0.300534</td>\n",
       "      <td>0.104803</td>\n",
       "      <td>-0.064483</td>\n",
       "      <td>0.054977</td>\n",
       "      <td>1.000000</td>\n",
       "    </tr>\n",
       "  </tbody>\n",
       "</table>\n",
       "</div>"
      ],
      "text/plain": [
       "                 medium firm  big firm      epsp  profit margin  book/market  \\\n",
       "medium firm         1.000000 -0.503697  0.122485      -0.039756     0.019008   \n",
       "big firm           -0.503697  1.000000  0.099425       0.060138    -0.450825   \n",
       "epsp                0.122485  0.099425  1.000000       0.083799    -0.129089   \n",
       "profit margin      -0.039756  0.060138  0.083799       1.000000    -0.012481   \n",
       "book/market         0.019008 -0.450825 -0.129089      -0.012481     1.000000   \n",
       "short leverage     -0.066632  0.010402 -0.051197       0.019042    -0.052887   \n",
       "f1 stock return    -0.009375  0.075877  0.300534       0.104803    -0.064483   \n",
       "\n",
       "                 short leverage  f1 stock return  \n",
       "medium firm           -0.066632        -0.009375  \n",
       "big firm               0.010402         0.075877  \n",
       "epsp                  -0.051197         0.300534  \n",
       "profit margin          0.019042         0.104803  \n",
       "book/market           -0.052887        -0.064483  \n",
       "short leverage         1.000000         0.054977  \n",
       "f1 stock return        0.054977         1.000000  "
      ]
     },
     "execution_count": 9,
     "metadata": {},
     "output_type": "execute_result"
    }
   ],
   "source": [
    "# Proving that the calculation is correct\n",
    "x.corr()"
   ]
  },
  {
   "cell_type": "markdown",
   "id": "e2fa44c2-13df-45ed-b518-f2365b7dce85",
   "metadata": {},
   "source": [
    "**Correlation:** is the statistical relationship between two variables (a scaled interpretation of the covariance). \n",
    "\n",
    "In the above calculation we can appreciate that the diagonal of the matrix is full of 1s, which makes sense since the correlation of a variable with itself is 100%. The non-diagonal values that approximate to 1 or -1 mean that there is a strong positive or negative relation between 2 variables (when a variable x goes up/down, variable y goes up/down). On the other hand, the non-diagonal values that approximate to 0 mean that there is a low correlation between two variables.\n",
    "\n",
    "Since we are looking for new variables to predict the stock returns, a set of independet variables with really high correlation could cause a unreliable estimation of the beta coefficients (multicollinearity). In this case, we can observe that the highest correlation is `-0.4508` between  `'book/market'` and `'big firm'` which is tolerable."
   ]
  },
  {
   "cell_type": "markdown",
   "id": "d020ab69-a9ea-47a2-885d-cb914c5d128f",
   "metadata": {},
   "source": [
    "#### ***Detection of leverage points***"
   ]
  },
  {
   "cell_type": "code",
   "execution_count": 10,
   "id": "ad6d67bd-d64d-4e5a-985d-1aa8136bd30b",
   "metadata": {},
   "outputs": [
    {
     "name": "stderr",
     "output_type": "stream",
     "text": [
      "C:\\Users\\myros\\AppData\\Local\\Temp\\ipykernel_12348\\2688333894.py:2: SettingWithCopyWarning: \n",
